2
O
O
1
1
P
5
1
P
8
2
0
1
3
0
0
P
6
0
1
P
0
0
2
P
0
1
9
2
6
1
2
0
1
0
1
0
P
2
1
1
1
0
1
1
P
9
0
2
1
0
1
0
2
P
1
0
9
0
4
1
6
1
0
0
1
P
9
0
1
0
P
0
0
P
9
0
1
1
0
P
6
0
P
6
0
2
P
8
2
1
P
8
0
0
0
1
2
P
3
5
6
4
7
0
3
3
P
6
0
0
P
9
1
9
3
1
2
8
0
1
P
3
0
1
1
P
1
0
0
P
7
0
2
3
P
4
0
1
P
8
0
0
P
6
2
0
P
1
2
9
1
4
0
0
P
4
0
P
9
3
0
0
P
9
1
2
P
7
0
9
2
P
8
1
P
3
4
7
3
6
0
P
1
2
4
1
P
1
2
1
1
1 // ATT
P
3
1
1
5
1
1
0
0
1
1
0
0
2
P
9
4
1
2
9
1
0
2
0
P
1
1
1
P
9
0
0
4
9
0
2
P
2
0
P
2
4
7
0
P
8
5
4
1
P
5
0
9
1
4
1
6
1
P
6
2
1
3
7
0
0
P
0
0
0
2
P
9
1
4
3
9
4
1
0
0
1
P
8
0
P
0
2
9
5
0
0
0
P
7
1
0
4
9
5
3
1
8
0
P
0
0
P
7
0
P
1
2
7
0
0
0
P
7
0
1
1
7
0
0
1
7
0
}